 13.75 64
 13.7548 44
 13.7595 63
 13.7643 47
 13.7691 45
 13.7739 50
 13.7786 48
 13.7834 46
 13.7882 45
 13.7929 58
 13.7977 64
 13.8025 61
 13.8073 50
  13.812 46
 13.8168 53
 13.8216 40
 13.8263 60
 13.8311 60
 13.8359 54
 13.8407 48
 13.8454 50
 13.8502 62
  13.855 58
 13.8597 52
 13.8645 48
 13.8693 43
 13.8741 43
 13.8788 58
 13.8836 47
 13.8884 55
 13.8931 61
 13.8979 62
 13.9027 52
 13.9074 57
 13.9122 42
  13.917 59
 13.9218 51
 13.9265 50
 13.9313 53
 13.9361 62
 13.9408 64
 13.9456 70
 13.9504 50
 13.9552 62
 13.9599 55
 13.9647 58
 13.9695 53
 13.9742 61
  13.979 57
 13.9838 53
 13.9886 63
 13.9933 65
 13.9981 69
 14.0029 46
 14.0076 76
 14.0124 65
 14.0172 76
  14.022 75
 14.0267 64
 14.0315 65
 14.0363 61
  14.041 67
 14.0458 86
 14.0506 71
 14.0554 79
 14.0601 78
 14.0649 61
 14.0697 71
 14.0744 53
 14.0792 70
  14.084 74
 14.0888 77
 14.0935 81
 14.0983 83
 14.1031 69
 14.1078 73
 14.1126 68
 14.1174 63
 14.1222 69
 14.1269 73
 14.1317 54
 14.1365 66
 14.1412 52
  14.146 76
 14.1508 63
 14.1555 60
 14.1603 79
 14.1651 56
 14.1699 70
 14.1746 61
 14.1794 52
 14.1842 49
 14.1889 65
 14.1937 49
 14.1985 64
 14.2033 58
  14.208 53
 14.2128 67
 14.2176 49
 14.2223 51
 14.2271 50
 14.2319 49
 14.2367 59
 14.2414 55
 14.2462 64
  14.251 49
 14.2557 41
 14.2605 63
 14.2653 46
 14.2701 50
 14.2748 57
 14.2796 41
 14.2844 46
 14.2891 35
 14.2939 46
 14.2987 47
 14.3035 51
 14.3082 60
  14.313 38
 14.3178 45
 14.3225 55
 14.3273 53
 14.3321 32
 14.3369 52
 14.3416 50
 14.3464 38
 14.3512 51
 14.3559 48
 14.3607 37
 14.3655 53
 14.3703 51
  14.375 41
 14.3798 53
 14.3846 34
 14.3893 45
 14.3941 45
 14.3989 41
