13.75 46 
13.7548 50 
13.7595 44 
13.7643 37 
13.7691 49 
13.7739 41 
13.7786 40 
13.7834 44 
13.7882 34 
13.7929 44 
13.7977 37 
13.8025 49 
13.8073 49 
 13.812 40 
13.8168 49 
13.8216 41 
13.8263 43 
13.8311 49 
13.8359 36 
13.8407 51 
13.8454 63 
13.8502 54 
 13.855 48 
13.8597 54 
13.8645 50 
13.8693 47 
13.8741 46 
13.8788 57 
13.8836 57 
13.8884 48 
13.8931 46 
13.8979 48 
13.9027 60 
13.9074 51 
13.9122 50 
 13.917 36 
13.9218 55 
13.9265 50 
13.9313 47 
13.9361 40 
13.9408 62 
13.9456 56 
13.9504 51 
13.9552 49 
13.9599 60 
13.9647 50 
13.9695 51 
13.9742 64 
 13.979 74 
13.9838 51 
13.9886 56 
13.9933 54 
13.9981 61 
14.0029 57 
14.0076 81 
14.0124 77 
14.0172 69 
 14.022 60 
14.0267 75 
14.0315 74 
14.0363 82 
 14.041 82 
14.0458 90 
14.0506 90 
14.0554 92 
14.0601  107 
14.0649  113 
14.0697  110 
14.0744  113 
14.0792  106 
 14.084  103 
14.0888  126 
14.0935  124 
14.0983  117 
14.1031  113 
14.1078  128 
14.1126  120 
14.1174  120 
14.1222  141 
14.1269  113 
14.1317 98 
14.1365 87 
14.1412 93 
 14.146 66 
14.1508 93 
14.1555 76 
14.1603 61 
14.1651 79 
14.1699 72 
14.1746 59 
14.1794 48 
14.1842 80 
14.1889 59 
14.1937 55 
14.1985 53 
14.2033 60 
 14.208 61 
14.2128 47 
14.2176 52 
14.2223 55 
14.2271 60 
14.2319 52 
14.2367 47 
14.2414 52 
14.2462 36 
 14.251 47 
14.2557 39 
14.2605 64 
14.2653 50 
14.2701 48 
14.2748 56 
14.2796 32 
14.2844 42 
14.2891 42 
14.2939 61 
14.2987 41 
14.3035 36 
14.3082 41 
 14.313 41 
14.3178 45 
14.3225 58 
14.3273 33 
14.3321 45 
14.3369 35 
14.3416 38 
14.3464 33 
14.3512 33 
14.3559 45 
14.3607 40 
14.3655 46 
14.3703 42 
 14.375 31 
14.3798 37 
14.3846 29 
14.3893 44 
14.3941 41 
14.3989 43 
