13.75 49 
13.7548 47 
13.7595 44 
13.7643 42 
13.7691 40 
13.7739 44 
13.7786 44 
13.7834 46 
13.7882 32 
13.7929 43 
13.7977 46 
13.8025 40 
13.8073 42 
 13.812 55 
13.8168 35 
13.8216 49 
13.8263 34 
13.8311 58 
13.8359 48 
13.8407 41 
13.8454 29 
13.8502 35 
 13.855 39 
13.8597 42 
13.8645 47 
13.8693 42 
13.8741 41 
13.8788 40 
13.8836 53 
13.8884 37 
13.8931 54 
13.8979 66 
13.9027 58 
13.9074 51 
13.9122 41 
 13.917 51 
13.9218 54 
13.9265 40 
13.9313 52 
13.9361 52 
13.9408 40 
13.9456 43 
13.9504 62 
13.9552 54 
13.9599 49 
13.9647 52 
13.9695 54 
13.9742 52 
 13.979 80 
13.9838 58 
13.9886 71 
13.9933 68 
13.9981 80 
14.0029 68 
14.0076 66 
14.0124 87 
14.0172 64 
 14.022 75 
14.0267 78 
14.0315 82 
14.0363 77 
 14.041 94 
14.0458 78 
14.0506  104 
14.0554  104 
14.0601  123 
14.0649  119 
14.0697  108 
14.0744  102 
14.0792 93 
 14.084  110 
14.0888  137 
14.0935  120 
14.0983  149 
14.1031  134 
14.1078  133 
14.1126  144 
14.1174  174 
14.1222  137 
14.1269  179 
14.1317  160 
14.1365  172 
14.1412  141 
 14.146  141 
14.1508  162 
14.1555  145 
14.1603  114 
14.1651  127 
14.1699  113 
14.1746  117 
14.1794 89 
14.1842 96 
14.1889 87 
14.1937 90 
14.1985 78 
14.2033 66 
 14.208 62 
14.2128 65 
14.2176 54 
14.2223 50 
14.2271 54 
14.2319 43 
14.2367 46 
14.2414 54 
14.2462 51 
 14.251 48 
14.2557 52 
14.2605 42 
14.2653 51 
14.2701 38 
14.2748 48 
14.2796 35 
14.2844 41 
14.2891 38 
14.2939 35 
14.2987 45 
14.3035 48 
14.3082 44 
 14.313 36 
14.3178 41 
14.3225 35 
14.3273 36 
14.3321 38 
14.3369 39 
14.3416 34 
14.3464 48 
14.3512 44 
14.3559 44 
14.3607 48 
14.3655 29 
14.3703 35 
 14.375 45 
14.3798 33 
14.3846 25 
14.3893 40 
14.3941 41 
14.3989 44 
